=============================================================================
  СИСТЕМНЫЙ ОТЧЁТ: 2026-04-01_20:59:16
  Хост: igor-ASUS
  Ядро: 6.8.0-107-generic
  Дата сбора: Ср апр  1 20:59:16 MSK 2026
=============================================================================

-----------------------------------------------------------------------------
  1. ОБЩАЯ ИНФОРМАЦИЯ О СИСТЕМЕ
-----------------------------------------------------------------------------
Количество ядер CPU: 12
Всего памяти: 
Свободно памяти: 
Время безотказной работы: up 1 hour, 27 minutes

-----------------------------------------------------------------------------
  2. СТАТИСТИКА ИСПОЛЬЗОВАНИЯ ПРОЦЕССОРОВ (mpstat)
-----------------------------------------------------------------------------
Все процессоры:
Linux 6.8.0-107-generic (igor-ASUS) 	01.04.2026 	_x86_64_	(12 CPU)

20:59:16     CPU    %usr   %nice    %sys %iowait    %irq   %soft  %steal  %guest  %gnice   %idle
20:59:19     all   30,25    0,00    2,74    0,25    0,00    0,71    0,00    0,00    0,00   66,05
20:59:19       0   28,18    0,00    2,75    0,00    0,00    0,34    0,00    0,00    0,00   68,73
20:59:19       1   30,95    0,00    1,36    0,00    0,00    0,68    0,00    0,00    0,00   67,01
20:59:19       2   29,49    0,00    2,71    0,34    0,00    0,68    0,00    0,00    0,00   66,78
20:59:19       3   28,91    0,00    3,06    0,00    0,00    2,38    0,00    0,00    0,00   65,65
20:59:19       4   30,95    0,00    4,08    0,00    0,00    0,00    0,00    0,00    0,00   64,97
20:59:19       5   31,19    0,00    3,73    0,34    0,00    0,68    0,00    0,00    0,00   64,07
20:59:19       6   29,83    0,00    5,42    0,34    0,00    0,68    0,00    0,00    0,00   63,73
20:59:19       7   29,87    0,00    2,01    0,34    0,00    0,34    0,00    0,00    0,00   67,45
20:59:19       8   31,08    0,00    2,70    0,68    0,00    0,68    0,00    0,00    0,00   64,86
20:59:19       9   30,74    0,00    1,69    0,34    0,00    0,34    0,00    0,00    0,00   66,89
20:59:19      10   30,98    0,00    2,02    0,34    0,00    1,01    0,00    0,00    0,00   65,66
20:59:19      11   30,74    0,00    1,35    0,34    0,00    0,68    0,00    0,00    0,00   66,89

20:59:19     CPU    %usr   %nice    %sys %iowait    %irq   %soft  %steal  %guest  %gnice   %idle
20:59:22     all   27,57    0,00    2,68    0,25    0,00    0,42    0,00    0,00    0,00   69,08
20:59:22       0   25,76    0,00    2,71    0,68    0,00    0,34    0,00    0,00    0,00   70,51
20:59:22       1   26,35    0,00    2,36    0,34    0,00    0,34    0,00    0,00    0,00   70,61
20:59:22       2   27,65    0,00    2,39    0,00    0,00    0,34    0,00    0,00    0,00   69,62
20:59:22       3   31,65    0,00    5,72    0,34    0,00    1,68    0,00    0,00    0,00   60,61
20:59:22       4   29,59    0,00    3,74    0,68    0,00    0,00    0,00    0,00    0,00   65,99
20:59:22       5   27,89    0,00    2,04    0,00    0,00    0,00    0,00    0,00    0,00   70,07
20:59:22       6   27,95    0,00    4,71    0,34    0,00    0,00    0,00    0,00    0,00   67,00
20:59:22       7   27,70    0,00    1,69    0,00    0,00    0,00    0,00    0,00    0,00   70,61
20:59:22       8   26,69    0,00    2,03    0,34    0,00    0,34    0,00    0,00    0,00   70,61
20:59:22       9   26,51    0,00    1,68    0,00    0,00    0,67    0,00    0,00    0,00   71,14
20:59:22      10   26,51    0,00    1,68    0,34    0,00    0,67    0,00    0,00    0,00   70,81
20:59:22      11   26,60    0,00    1,35    0,00    0,00    0,67    0,00    0,00    0,00   71,38

20:59:22     CPU    %usr   %nice    %sys %iowait    %irq   %soft  %steal  %guest  %gnice   %idle
20:59:25     all   27,21    0,00    2,84    0,31    0,00    0,59    0,00    0,00    0,00   69,05
20:59:25       0   24,91    0,00    2,73    0,34    0,00    0,34    0,00    0,00    0,00   71,67
20:59:25       1   25,68    0,00    2,36    0,00    0,00    1,01    0,00    0,00    0,00   70,95
20:59:25       2   27,95    0,00    2,69    0,34    0,00    0,00    0,00    0,00    0,00   69,02
20:59:25       3   25,08    0,00    3,05    0,00    0,00    1,36    0,00    0,00    0,00   70,51
20:59:25       4   28,04    0,00    3,38    0,68    0,00    0,34    0,00    0,00    0,00   67,57
20:59:25       5   32,44    0,00    5,35    0,33    0,00    0,67    0,00    0,00    0,00   61,20
20:59:25       6   27,65    0,00    3,75    0,00    0,00    0,34    0,00    0,00    0,00   68,26
20:59:25       7   29,19    0,00    3,36    0,00    0,00    0,34    0,00    0,00    0,00   67,11
20:59:25       8   26,01    0,00    2,70    0,68    0,00    0,68    0,00    0,00    0,00   69,93
20:59:25       9   26,26    0,00    1,68    0,67    0,00    0,34    0,00    0,00    0,00   71,04
20:59:25      10   26,67    0,00    1,67    0,33    0,00    1,00    0,00    0,00    0,00   70,33
20:59:25      11   26,60    0,00    1,35    0,34    0,00    0,67    0,00    0,00    0,00   71,04

20:59:25     CPU    %usr   %nice    %sys %iowait    %irq   %soft  %steal  %guest  %gnice   %idle
20:59:28     all   29,22    0,00    2,88    0,28    0,00    0,73    0,00    0,00    0,00   66,88
20:59:28       0   24,74    0,00    3,09    1,03    0,00    0,34    0,00    0,00    0,00   70,79
20:59:28       1   29,73    0,00    2,36    0,00    0,00    0,68    0,00    0,00    0,00   67,23
20:59:28       2   29,49    0,00    2,71    0,34    0,00    0,68    0,00    0,00    0,00   66,78
20:59:28       3   27,12    0,00    3,39    0,68    0,00    1,69    0,00    0,00    0,00   67,12
20:59:28       4   28,91    0,00    4,76    0,34    0,00    0,68    0,00    0,00    0,00   65,31
20:59:28       5   30,61    0,00    3,06    0,00    0,00    0,68    0,00    0,00    0,00   65,65
20:59:28       6   31,29    0,00    4,42    0,34    0,00    0,34    0,00    0,00    0,00   63,61
20:59:28       7   29,29    0,00    2,69    0,00    0,00    0,00    0,00    0,00    0,00   68,01
20:59:28       8   30,03    0,00    2,39    0,00    0,00    0,68    0,00    0,00    0,00   66,89
20:59:28       9   30,30    0,00    1,68    0,34    0,00    0,67    0,00    0,00    0,00   67,00
20:59:28      10   29,53    0,00    2,35    0,00    0,00    1,34    0,00    0,00    0,00   66,78
20:59:28      11   29,53    0,00    1,68    0,34    0,00    1,01    0,00    0,00    0,00   67,45

Среднее:  CPU    %usr   %nice    %sys %iowait    %irq   %soft  %steal  %guest  %gnice   %idle
Среднее:  all   28,56    0,00    2,78    0,27    0,00    0,61    0,00    0,00    0,00   67,77
Среднее:    0   25,90    0,00    2,82    0,51    0,00    0,34    0,00    0,00    0,00   70,43
Среднее:    1   28,17    0,00    2,12    0,08    0,00    0,68    0,00    0,00    0,00   68,95
Среднее:    2   28,64    0,00    2,63    0,25    0,00    0,42    0,00    0,00    0,00   68,05
Среднее:    3   28,20    0,00    3,81    0,25    0,00    1,78    0,00    0,00    0,00   65,96
Среднее:    4   29,37    0,00    3,99    0,42    0,00    0,25    0,00    0,00    0,00   65,96
Среднее:    5   30,54    0,00    3,55    0,17    0,00    0,51    0,00    0,00    0,00   65,23
Среднее:    6   29,18    0,00    4,58    0,25    0,00    0,34    0,00    0,00    0,00   65,65
Среднее:    7   29,02    0,00    2,44    0,08    0,00    0,17    0,00    0,00    0,00   68,29
Среднее:    8   28,45    0,00    2,46    0,42    0,00    0,59    0,00    0,00    0,00   68,08
Среднее:    9   28,45    0,00    1,68    0,34    0,00    0,51    0,00    0,00    0,00   69,02
Среднее:   10   28,42    0,00    1,93    0,25    0,00    1,01    0,00    0,00    0,00   68,40
Среднее:   11   28,37    0,00    1,43    0,25    0,00    0,76    0,00    0,00    0,00   69,19

-----------------------------------------------------------------------------
  3. СТАТИСТИКА ПРОЦЕССОВ (pidstat) - CPU
-----------------------------------------------------------------------------
Linux 6.8.0-107-generic (igor-ASUS) 	01.04.2026 	_x86_64_	(12 CPU)

20:59:28      UID       PID    %usr %system  %guest   %wait    %CPU   CPU  Command
20:59:31        0        17    0,00    0,33    0,00    2,65    0,33     1  rcu_preempt
20:59:31        0        41    0,00    0,33    0,00    0,00    0,33     8  migration/8
20:59:31        0       115    0,00    0,33    0,00    0,00    0,33     9  kworker/9:1H-kblockd
20:59:31        0       204    0,00    0,33    0,00    0,00    0,33     6  kworker/6:1H-events_highpri
20:59:31        0       232    0,00    0,33    0,00    0,00    0,33     0  kworker/0:1H-kblockd
20:59:31        0       685    0,00    1,99    0,00    0,00    1,99     3  irq/202-iwlwifi:default_queue
20:59:31        0       687    0,00    0,33    0,00    0,00    0,33     1  irq/204-iwlwifi:queue_2
20:59:31        0       688    0,00    0,33    0,00    0,00    0,33     2  irq/205-iwlwifi:queue_3
20:59:31        0       690    0,00    0,33    0,00    0,00    0,33     4  irq/207-iwlwifi:queue_5
20:59:31        0       692    0,00    0,33    0,00    0,00    0,33     6  irq/209-iwlwifi:queue_7
20:59:31        0       694    0,00    0,33    0,00    0,00    0,33     8  irq/211-iwlwifi:queue_9
20:59:31        0       695    0,00    0,66    0,00    0,00    0,66     9  irq/212-iwlwifi:queue_10
20:59:31        0       696    0,00    1,32    0,00    0,00    1,32    10  irq/213-iwlwifi:queue_11
20:59:31        0       697    0,00    0,66    0,00    0,00    0,66    11  irq/214-iwlwifi:queue_12
20:59:31     1000      3245   21,19    6,95    0,00    5,63   28,15    11  gnome-shell
20:59:31     1000      5123    4,97    2,32    0,00    2,98    7,28     6  Xwayland
20:59:31     1000      5949    2,32    1,99    0,00    3,97    4,30    10  spotify
20:59:31     1000      6095   10,93    2,32    0,00    2,32   13,25     8  spotify
20:59:31     1000      6154   28,81    1,32    0,00    4,30   30,13     1  spotify
20:59:31     1000      8069    1,66    0,33    0,00    0,00    1,99    11  yandex_browser
20:59:31     1000      9466  293,38    2,32    0,00    0,33  295,70     4  cool-retro-term
20:59:31        0     10366    0,00    0,99    0,00    1,99    0,99     1  kworker/u24:2-i915
20:59:31        0     10520    0,00    0,66    0,00    1,32    0,66     5  kworker/u25:2+i915_flip
20:59:31     1000     10884    1,32    2,32    0,00    0,33    3,64     5  hydralauncher
20:59:31     1000     11161   41,39    3,31    0,00    5,96   44,70     7  hydralauncher
20:59:31     1000     11223    5,63    6,29    0,00    0,00   11,92     4  hydra-python-rp
20:59:31     1000     11382   25,50    1,99    0,00    4,64   27,48     9  hydralauncher
20:59:31    2147483647     12438    0,99    6,95    0,00    4,97    7,95    11  nfqws
20:59:31        0     14881    0,00    0,33    0,00    0,66    0,33     8  kworker/u25:0-i915_flip
20:59:31        0     15049    0,00    0,33    0,00    0,33    0,33     8  kworker/u25:4-rb_allocator
20:59:31        0     16214    0,00    0,33    0,00    0,00    0,33     0  kworker/u24:5-i915
20:59:31        0     16817    0,00    0,33    0,00    1,32    0,33     0  kworker/u25:1-rb_allocator
20:59:31     1000     16870    0,33    0,00    0,00    0,00    0,33     1  yandex_browser
20:59:31        0     16893    0,00    0,33    0,00    2,32    0,33     5  kworker/5:2-i915-unordered
20:59:31     1000     16913    0,33    0,33    0,00    0,00    0,66     4  pidstat

20:59:31      UID       PID    %usr %system  %guest   %wait    %CPU   CPU  Command
20:59:34        0        17    0,00    0,67    0,00    2,00    0,67     3  rcu_preempt
20:59:34        0        29    0,00    0,33    0,00    0,00    0,33     4  migration/4
20:59:34        0        41    0,00    0,33    0,00    0,00    0,33     8  migration/8
20:59:34        0        71    0,00    0,33    0,00    0,00    0,33     3  migration/3
20:59:34        0        94    0,00    1,33    0,00    0,00    1,33     5  kcompactd0
20:59:34        0       685    0,00    1,67    0,00    0,00    1,67     3  irq/202-iwlwifi:default_queue
20:59:34        0       686    0,00    0,33    0,00    0,00    0,33     0  irq/203-iwlwifi:queue_1
20:59:34        0       687    0,00    0,33    0,00    0,00    0,33     1  irq/204-iwlwifi:queue_2
20:59:34        0       688    0,00    0,67    0,00    0,00    0,67     2  irq/205-iwlwifi:queue_3
20:59:34        0       690    0,00    0,33    0,00    0,00    0,33     4  irq/207-iwlwifi:queue_5
20:59:34        0       691    0,00    0,67    0,00    0,00    0,67     5  irq/208-iwlwifi:queue_6
20:59:34        0       692    0,00    0,33    0,00    0,00    0,33     6  irq/209-iwlwifi:queue_7
20:59:34        0       693    0,00    0,33    0,00    0,00    0,33     7  irq/210-iwlwifi:queue_8
20:59:34        0       694    0,00    1,00    0,00    0,00    1,00     8  irq/211-iwlwifi:queue_9
20:59:34        0       695    0,00    0,67    0,00    0,00    0,67     9  irq/212-iwlwifi:queue_10
20:59:34        0       696    0,00    0,67    0,00    0,00    0,67    10  irq/213-iwlwifi:queue_11
20:59:34        0       697    0,00    0,33    0,00    0,00    0,33    11  irq/214-iwlwifi:queue_12
20:59:34     1000      3245    8,33    3,33    0,00    1,67   11,67     8  gnome-shell
20:59:34     1000      5089    7,67    2,00    0,00    3,00    9,67     6  yandex_browser
20:59:34     1000      5123    3,33    1,67    0,00    1,67    5,00     6  Xwayland
20:59:34     1000      5163    0,33    0,33    0,00    0,33    0,67     3  mutter-x11-fram
20:59:34     1000      5188    4,00    2,33    0,00    1,67    6,33    11  yandex_browser
20:59:34     1000      5853    0,00    0,33    0,00    0,33    0,33     3  yandex_browser
20:59:34     1000      5879    0,33    0,00    0,00    0,33    0,33     6  yandex_browser
20:59:34     1000      5897    1,00    0,00    0,00    0,67    1,00    10  yandex_browser
20:59:34     1000      5949    1,00    0,00    0,00    0,67    1,00     7  spotify
20:59:34     1000      6095    2,67    0,33    0,00    0,33    3,00     6  spotify
20:59:34     1000      6154    5,00    0,00    0,00    0,67    5,00     6  spotify
20:59:34     1000      8069    5,33    1,00    0,00    0,67    6,33     6  yandex_browser
20:59:34     1000      9466  323,33    2,00    0,00    0,33  325,33     7  cool-retro-term
20:59:34        0     10366    0,00    0,33    0,00    0,00    0,33    10  kworker/u24:2-i915
20:59:34        0     10520    0,00    0,67    0,00    1,33    0,67    11  kworker/u25:2-rb_allocator
20:59:34     1000     10884    5,67    3,67    0,00    0,33    9,33     5  hydralauncher
20:59:34     1000     11161    7,33    0,67    0,00    0,67    8,00     5  hydralauncher
20:59:34     1000     11223    6,00    8,33    0,00    0,00   14,33     4  hydra-python-rp
20:59:34     1000     11382    4,33    0,67    0,00    1,00    5,00     3  hydralauncher
20:59:34    2147483647     12438    1,33    7,00    0,00    5,33    8,33     8  nfqws
20:59:34        0     15049    0,00    0,33    0,00    0,67    0,33    10  kworker/u25:4-i915_flip
20:59:34        0     16817    0,00    0,67    0,00    1,33    0,67     2  kworker/u25:1-rb_allocator
20:59:34        0     16893    0,00    0,33    0,00    1,00    0,33     5  kworker/5:2-events
20:59:34     1000     16913    0,00    0,33    0,00    0,00    0,33     4  pidstat

20:59:34      UID       PID    %usr %system  %guest   %wait    %CPU   CPU  Command
20:59:37        0        17    0,00    0,33    0,00    2,33    0,33     8  rcu_preempt
20:59:37        0        18    0,00    0,33    0,00    0,00    0,33     0  migration/0
20:59:37        0        47    0,00    0,33    0,00    0,00    0,33     9  migration/9
20:59:37        0       685    0,00    2,67    0,00    0,00    2,67     3  irq/202-iwlwifi:default_queue
20:59:37        0       686    0,00    0,33    0,00    0,00    0,33     0  irq/203-iwlwifi:queue_1
20:59:37        0       687    0,00    0,67    0,00    0,00    0,67     1  irq/204-iwlwifi:queue_2
20:59:37        0       688    0,00    0,67    0,00    0,00    0,67     2  irq/205-iwlwifi:queue_3
20:59:37        0       689    0,00    0,33    0,00    0,00    0,33     3  irq/206-iwlwifi:queue_4
20:59:37        0       690    0,00    0,67    0,00    0,00    0,67     4  irq/207-iwlwifi:queue_5
20:59:37        0       691    0,00    1,00    0,00    0,00    1,00     5  irq/208-iwlwifi:queue_6
20:59:37        0       692    0,00    0,67    0,00    0,33    0,67     6  irq/209-iwlwifi:queue_7
20:59:37        0       693    0,00    0,33    0,00    0,00    0,33     7  irq/210-iwlwifi:queue_8
20:59:37        0       694    0,00    1,00    0,00    0,00    1,00     8  irq/211-iwlwifi:queue_9
20:59:37        0       695    0,00    0,67    0,00    0,00    0,67     9  irq/212-iwlwifi:queue_10
20:59:37        0       696    0,00    1,00    0,00    0,00    1,00    10  irq/213-iwlwifi:queue_11
20:59:37        0       697    0,00    0,67    0,00    0,00    0,67    11  irq/214-iwlwifi:queue_12
20:59:37     1000      3245    1,67    1,00    0,00    0,67    2,67    10  gnome-shell
20:59:37     1000      3638    0,00    0,33    0,00    0,67    0,33    10  findex-daemon
20:59:37     1000      5089    2,00    0,67    0,00    1,00    2,67     6  yandex_browser
20:59:37     1000      5123    2,00    0,67    0,00    0,33    2,67     6  Xwayland
20:59:37     1000      5163    0,33    0,00    0,00    0,00    0,33     6  mutter-x11-fram
20:59:37     1000      5188    0,67    0,33    0,00    0,00    1,00     2  yandex_browser
20:59:37     1000      5853    0,33    0,00    0,00    0,33    0,33     9  yandex_browser
20:59:37     1000      5879    0,33    0,33    0,00    0,33    0,67    10  yandex_browser
20:59:37     1000      5897    1,67    0,67    0,00    0,33    2,33     2  yandex_browser
20:59:37     1000      5949    0,33    0,33    0,00    0,00    0,67     8  spotify
20:59:37     1000      6095    0,67    0,33    0,00    0,00    1,00     7  spotify
20:59:37     1000      8069    1,67    1,00    0,00    0,00    2,67     9  yandex_browser
20:59:37     1000      9466  333,33    2,67    0,00    0,00  336,00     7  cool-retro-term
20:59:37        0     10034    0,00    0,33    0,00    0,00    0,33    10  kworker/10:2-mm_percpu_wq
20:59:37        0     10520    0,00    0,67    0,00    1,33    0,67     3  kworker/u25:2-rb_allocator
20:59:37     1000     10884    1,67    2,00    0,00    0,00    3,67     1  hydralauncher
20:59:37     1000     11161    2,33    1,00    0,00    0,67    3,33     4  hydralauncher
20:59:37     1000     11223    8,00    9,33    0,00    0,00   17,33    10  hydra-python-rp
20:59:37     1000     11382    1,67    0,00    0,00    0,33    1,67     2  hydralauncher
20:59:37    2147483647     12438    1,33    9,00    0,00    4,67   10,33     5  nfqws
20:59:37        0     15049    0,00    0,33    0,00    1,00    0,33     5  kworker/u25:4-rb_allocator
20:59:37        0     16214    0,00    0,33    0,00    0,00    0,33     4  kworker/u24:5-events_power_efficient

20:59:37      UID       PID    %usr %system  %guest   %wait    %CPU   CPU  Command
20:59:40        0        17    0,00    0,33    0,00    2,33    0,33    11  rcu_preempt
20:59:40        0        23    0,00    0,33    0,00    0,00    0,33     2  migration/2
20:59:40        0        35    0,00    0,33    0,00    0,00    0,33     6  migration/6
20:59:40        0       685    0,00    2,33    0,00    0,00    2,33     3  irq/202-iwlwifi:default_queue
20:59:40        0       686    0,00    0,33    0,00    0,00    0,33     0  irq/203-iwlwifi:queue_1
20:59:40        0       687    0,00    0,67    0,00    0,00    0,67     1  irq/204-iwlwifi:queue_2
20:59:40        0       688    0,00    0,33    0,00    0,00    0,33     2  irq/205-iwlwifi:queue_3
20:59:40        0       690    0,00    0,67    0,00    0,00    0,67     4  irq/207-iwlwifi:queue_5
20:59:40        0       691    0,00    1,00    0,00    0,00    1,00     5  irq/208-iwlwifi:queue_6
20:59:40        0       692    0,00    0,67    0,00    0,00    0,67     6  irq/209-iwlwifi:queue_7
20:59:40        0       693    0,00    0,33    0,00    0,00    0,33     7  irq/210-iwlwifi:queue_8
20:59:40        0       694    0,00    1,00    0,00    0,00    1,00     8  irq/211-iwlwifi:queue_9
20:59:40        0       695    0,00    0,67    0,00    0,00    0,67     9  irq/212-iwlwifi:queue_10
20:59:40        0       696    0,00    1,00    0,00    0,00    1,00    10  irq/213-iwlwifi:queue_11
20:59:40        0       697    0,00    1,33    0,00    0,00    1,33    11  irq/214-iwlwifi:queue_12
20:59:40        0      1141    0,00    0,33    0,00    0,00    0,33     5  wpa_supplicant
20:59:40     1000      3245    1,67    0,33    0,00    0,33    2,00     8  gnome-shell
20:59:40     1000      5089    0,67    0,00    0,00    0,33    0,67     0  yandex_browser
20:59:40     1000      5123    2,33    0,33    0,00    0,33    2,67     9  Xwayland
20:59:40     1000      5188    0,00    0,33    0,00    0,00    0,33     2  yandex_browser
20:59:40     1000      5194    0,33    0,00    0,00    0,00    0,33     6  yandex_browser
20:59:40     1000      5853    0,33    0,33    0,00    0,00    0,67    10  yandex_browser
20:59:40     1000      5897    0,67    0,00    0,00    0,33    0,67    11  yandex_browser
20:59:40     1000      6095    0,33    0,00    0,00    0,00    0,33     7  spotify
20:59:40     1000      6154    0,33    0,00    0,00    0,33    0,33     0  spotify
20:59:40     1000      7093    0,00    0,33    0,00    0,00    0,33     6  telegram-deskto
20:59:40     1000      8069    2,33    0,67    0,00    0,33    3,00     1  yandex_browser
20:59:40     1000      9466  328,00    2,33    0,00    0,33  330,33     0  cool-retro-term
20:59:40        0     10366    0,00    0,33    0,00    0,00    0,33     5  kworker/u24:2-i915
20:59:40        0     10520    0,00    0,67    0,00    1,00    0,67     3  kworker/u25:2-rb_allocator
20:59:40     1000     10884    3,33    4,67    0,00    0,00    8,00     4  hydralauncher
20:59:40     1000     11161    2,00    0,33    0,00    0,33    2,33     2  hydralauncher
20:59:40     1000     11223    8,67   11,33    0,00    0,00   20,00     0  hydra-python-rp
20:59:40     1000     11382    2,00    0,33    0,00    0,33    2,33     8  hydralauncher
20:59:40    2147483647     12438    1,00    9,00    0,00    3,67   10,00     6  nfqws
20:59:40        0     15049    0,00    0,67    0,00    1,67    0,67     2  kworker/u25:4-rb_allocator
20:59:40     1000     16913    0,00    0,33    0,00    0,00    0,33     1  pidstat

Среднее:   UID       PID    %usr %system  %guest   %wait    %CPU   CPU  Command
Среднее:     0        17    0,00    0,42    0,00    2,33    0,42     -  rcu_preempt
Среднее:     0        18    0,00    0,08    0,00    0,00    0,08     -  migration/0
Среднее:     0        23    0,00    0,08    0,00    0,00    0,08     -  migration/2
Среднее:     0        29    0,00    0,08    0,00    0,00    0,08     -  migration/4
Среднее:     0        35    0,00    0,08    0,00    0,00    0,08     -  migration/6
Среднее:     0        41    0,00    0,17    0,00    0,00    0,17     -  migration/8
Среднее:     0        47    0,00    0,08    0,00    0,00    0,08     -  migration/9
Среднее:     0        71    0,00    0,08    0,00    0,00    0,08     -  migration/3
Среднее:     0        94    0,00    0,33    0,00    0,00    0,33     -  kcompactd0
Среднее:     0       115    0,00    0,08    0,00    0,00    0,08     -  kworker/9:1H-events_highpri
Среднее:     0       204    0,00    0,08    0,00    0,00    0,08     -  kworker/6:1H-kblockd
Среднее:     0       232    0,00    0,08    0,00    0,00    0,08     -  kworker/0:1H-events_highpri
Среднее:     0       685    0,00    2,16    0,00    0,00    2,16     -  irq/202-iwlwifi:default_queue
Среднее:     0       686    0,00    0,25    0,00    0,00    0,25     -  irq/203-iwlwifi:queue_1
Среднее:     0       687    0,00    0,50    0,00    0,00    0,50     -  irq/204-iwlwifi:queue_2
Среднее:     0       688    0,00    0,50    0,00    0,00    0,50     -  irq/205-iwlwifi:queue_3
Среднее:     0       689    0,00    0,08    0,00    0,00    0,08     -  irq/206-iwlwifi:queue_4
Среднее:     0       690    0,00    0,50    0,00    0,00    0,50     -  irq/207-iwlwifi:queue_5
Среднее:     0       691    0,00    0,67    0,00    0,00    0,67     -  irq/208-iwlwifi:queue_6
Среднее:     0       692    0,00    0,50    0,00    0,08    0,50     -  irq/209-iwlwifi:queue_7
Среднее:     0       693    0,00    0,25    0,00    0,00    0,25     -  irq/210-iwlwifi:queue_8
Среднее:     0       694    0,00    0,83    0,00    0,00    0,83     -  irq/211-iwlwifi:queue_9
Среднее:     0       695    0,00    0,67    0,00    0,00    0,67     -  irq/212-iwlwifi:queue_10
Среднее:     0       696    0,00    1,00    0,00    0,00    1,00     -  irq/213-iwlwifi:queue_11
Среднее:     0       697    0,00    0,75    0,00    0,00    0,75     -  irq/214-iwlwifi:queue_12
Среднее:     0      1141    0,00    0,08    0,00    0,00    0,08     -  wpa_supplicant
Среднее:  1000      3245    8,24    2,91    0,00    2,08   11,15     -  gnome-shell
Среднее:  1000      3638    0,00    0,08    0,00    0,58    0,08     -  findex-daemon
Среднее:  1000      5089    2,58    0,67    0,00    1,08    3,24     -  yandex_browser
Среднее:  1000      5123    3,16    1,25    0,00    1,33    4,41     -  Xwayland
Среднее:  1000      5163    0,17    0,08    0,00    0,08    0,25     -  mutter-x11-fram
Среднее:  1000      5188    1,16    0,75    0,00    0,42    1,91     -  yandex_browser
Среднее:  1000      5194    0,08    0,00    0,00    0,00    0,08     -  yandex_browser
Среднее:  1000      5853    0,17    0,17    0,00    0,17    0,33     -  yandex_browser
Среднее:  1000      5879    0,17    0,08    0,00    0,17    0,25     -  yandex_browser
Среднее:  1000      5897    0,83    0,17    0,00    0,33    1,00     -  yandex_browser
Среднее:  1000      5949    0,92    0,58    0,00    1,16    1,50     -  spotify
Среднее:  1000      6095    3,66    0,75    0,00    0,67    4,41     -  spotify
Среднее:  1000      6154    8,57    0,33    0,00    1,33    8,90     -  spotify
Среднее:  1000      7093    0,00    0,08    0,00    0,00    0,08     -  telegram-deskto
Среднее:  1000      8069    2,75    0,75    0,00    0,25    3,49     -  yandex_browser
Среднее:  1000      9466  319,47    2,33    0,00    0,25  321,80     -  cool-retro-term
Среднее:     0     10034    0,00    0,08    0,00    0,08    0,08     -  kworker/10:2-events
Среднее:     0     10366    0,00    0,42    0,00    0,58    0,42     -  kworker/u24:2-i915
Среднее:     0     10520    0,00    0,67    0,00    1,25    0,67     -  kworker/u25:2-rb_allocator
Среднее:  1000     10884    3,00    3,16    0,00    0,17    6,16     -  hydralauncher
Среднее:  1000     11161   13,31    1,33    0,00    1,91   14,64     -  hydralauncher
Среднее:  1000     11223    7,07    8,82    0,00    0,00   15,89     -  hydra-python-rp
Среднее:  1000     11382    8,40    0,75    0,00    1,58    9,15     -  hydralauncher
Среднее: 2147483647     12438    1,16    7,99    0,00    4,66    9,15     -  nfqws
Среднее:     0     14881    0,00    0,08    0,00    0,17    0,08     -  kworker/u25:0-i915_flip
Среднее:     0     15049    0,00    0,42    0,00    0,92    0,42     -  kworker/u25:4-rb_allocator
Среднее:     0     16214    0,00    0,17    0,00    0,08    0,17     -  kworker/u24:5-ipv6_addrconf
Среднее:     0     16817    0,00    0,25    0,00    0,67    0,25     -  kworker/u25:1-rb_allocator
Среднее:  1000     16870    0,08    0,00    0,00    0,00    0,08     -  yandex_browser
Среднее:     0     16893    0,00    0,17    0,00    0,83    0,17     -  kworker/5:2-events
Среднее:  1000     16913    0,08    0,25    0,00    0,00    0,33     -  pidstat

-----------------------------------------------------------------------------
  4. СТАТИСТИКА ПРОЦЕССОВ (pidstat) - ПАМЯТЬ
-----------------------------------------------------------------------------
Linux 6.8.0-107-generic (igor-ASUS) 	01.04.2026 	_x86_64_	(12 CPU)

20:59:40      UID       PID  minflt/s  majflt/s     VSZ     RSS   %MEM  Command
20:59:43     1000      3245    203,32      0,00 5335296  473948   2,97  gnome-shell
20:59:43     1000      5089     94,02      0,00 34620848  427956   2,68  yandex_browser
20:59:43     1000      5123      0,33      0,00  732236  144932   0,91  Xwayland
20:59:43     1000      5188     26,25      0,00 34696488  242092   1,51  yandex_browser
20:59:43     1000      5194      2,99      0,00 34057340  132028   0,83  yandex_browser
20:59:43     1000      5210      1,33      0,00 34316080   57452   0,36  yandex_browser
20:59:43     1000      5342      0,33      0,00 1283817324   55588   0,35  yandex_browser
20:59:43     1000      5613      0,66      0,00 34068136   89344   0,56  yandex_browser
20:59:43     1000      5879     18,60      0,00 1283921316  141200   0,88  yandex_browser
20:59:43     1000      5897     12,96      0,00 1285625608  161432   1,01  yandex_browser
20:59:43     1000      5949      0,33      0,00 5580560  496844   3,11  spotify
20:59:43     1000     10884    648,50      0,00 1459919860  434592   2,72  hydralauncher
20:59:43     1000     11161     32,56      0,00 34595984  200380   1,25  hydralauncher
20:59:43     1000     11166      1,33      0,00 33939856   82656   0,52  hydralauncher
20:59:43     1000     11223     85,05      0,00 70392416 4807176  30,08  hydra-python-rp
20:59:43     1000     11382    114,95      0,00 1476790844  359192   2,25  hydralauncher
20:59:43     1000     11622      0,33      0,00 33935272   62208   0,39  hydralauncher
20:59:43     1000     12167      8,64      0,00 2102540  212240   1,33  nautilus
20:59:43     1000     16870      3,32      0,00 1285635308  291124   1,82  yandex_browser
20:59:43     1000     16926      0,33      0,00    6516    5248   0,03  pidstat

20:59:43      UID       PID  minflt/s  majflt/s     VSZ     RSS   %MEM  Command
20:59:46     1000      3245     13,00      0,33 5334636  473948   2,97  gnome-shell
20:59:46     1000      5089     22,00      0,00 34617776  427956   2,68  yandex_browser
20:59:46     1000      5123      1,00      0,00  732188  144932   0,91  Xwayland
20:59:46     1000      5188      3,67      0,00 34693416  242092   1,51  yandex_browser
20:59:46     1000      5194      3,00      0,00 34057340  132028   0,83  yandex_browser
20:59:46     1000      5210      1,33      0,00 34316080   57452   0,36  yandex_browser
20:59:46     1000      5342      0,33      0,00 1283817324   55588   0,35  yandex_browser
20:59:46     1000      5613      0,67      0,00 34068136   89344   0,56  yandex_browser
20:59:46     1000      5653      0,33      0,00  492704   26756   0,17  update-notifier
20:59:46     1000      7093      1,00      0,00 1485076  529784   3,31  telegram-deskto
20:59:46     1000      8069     22,33      0,00 1285718092  445276   2,79  yandex_browser
20:59:46     1000     10884    646,00      0,00 1459919860  434516   2,72  hydralauncher
20:59:46     1000     11161     13,00      0,00 34596040  200380   1,25  hydralauncher
20:59:46     1000     11223     21,33      0,00 70392416 4811272  30,10  hydra-python-rp
20:59:46     1000     11382     47,00      0,00 1476790844  358888   2,25  hydralauncher
20:59:46     1000     11622      0,33      0,00 33935272   62208   0,39  hydralauncher
20:59:46     1000     12167     26,00      0,00 2102568  212240   1,33  nautilus

20:59:46      UID       PID  minflt/s  majflt/s     VSZ     RSS   %MEM  Command
20:59:49     1000      3245     18,33      0,00 5335200  473768   2,96  gnome-shell
20:59:49     1000      5089      2,67      0,00 34617776  427956   2,68  yandex_browser
20:59:49     1000      5123      0,33      0,00  732244  144932   0,91  Xwayland
20:59:49     1000      5194      0,67      0,00 34057340  132028   0,83  yandex_browser
20:59:49     1000      5949      3,67      0,00 5580560  496844   3,11  spotify
20:59:49     1000      6095      1,33      0,00 2300188  212124   1,33  spotify
20:59:49     1000      6154      5,67      0,00 1461554876  417344   2,61  spotify
20:59:49     1000      7093     25,00      0,00 1485076  529844   3,31  telegram-deskto
20:59:49     1000      8069      1,33      0,00 1285718092  445276   2,79  yandex_browser
20:59:49     1000     10884   1366,67      0,00 1459919860  435256   2,72  hydralauncher
20:59:49     1000     11161     95,33      0,00 34596516  200636   1,26  hydralauncher
20:59:49     1000     11166      1,33      0,00 33939856   82656   0,52  hydralauncher
20:59:49     1000     11223     42,67      0,00 70392416 4819464  30,15  hydra-python-rp
20:59:49     1000     11382    481,67      0,00 1476790844  363752   2,28  hydralauncher
20:59:49     1000     11622      0,33      0,00 33935272   62208   0,39  hydralauncher
20:59:49     1000     12167      2,00      0,00 2102604  212240   1,33  nautilus


Среднее:   UID       PID  minflt/s  majflt/s     VSZ     RSS   %MEM  Command
Среднее:  1000      3245     78,36      0,11 5335044  473888   2,96  gnome-shell
Среднее:  1000      5089     39,62      0,00 34618800  427956   2,68  yandex_browser
Среднее:  1000      5123      0,55      0,00  732223  144932   0,91  Xwayland
Среднее:  1000      5188      9,99      0,00 34694440  242092   1,51  yandex_browser
Среднее:  1000      5194      2,22      0,00 34057340  132028   0,83  yandex_browser
Среднее:  1000      5210      0,89      0,00 34316080   57452   0,36  yandex_browser
Среднее:  1000      5342      0,22      0,00 1283817324   55588   0,35  yandex_browser
Среднее:  1000      5613      0,44      0,00 34068136   89344   0,56  yandex_browser
Среднее:  1000      5653      0,11      0,00  492704   26756   0,17  update-notifier
Среднее:  1000      5879      6,22      0,00 1283921316  141200   0,88  yandex_browser
Среднее:  1000      5897      4,33      0,00 1285625608  161432   1,01  yandex_browser
Среднее:  1000      5949      1,33      0,00 5580560  496844   3,11  spotify
Среднее:  1000      6095      0,44      0,00 2300273  212124   1,33  spotify
Среднее:  1000      6154      1,89      0,00 1461554876  417344   2,61  spotify
Среднее:  1000      7093      8,66      0,00 1485076  529804   3,31  telegram-deskto
Среднее:  1000      8069      7,88      0,00 1285718092  445704   2,79  yandex_browser
Среднее:  1000     10884    886,79      0,00 1459919860  434788   2,72  hydralauncher
Среднее:  1000     11161     46,95      0,00 34596180  200465   1,25  hydralauncher
Среднее:  1000     11166      0,89      0,00 33939856   82656   0,52  hydralauncher
Среднее:  1000     11223     49,72      0,00 70392416 4812637  30,11  hydra-python-rp
Среднее:  1000     11382    214,43      0,00 1476790844  360611   2,26  hydralauncher
Среднее:  1000     11622      0,33      0,00 33935272   62208   0,39  hydralauncher
Среднее:  1000     12167     12,21      0,00 2102571  212240   1,33  nautilus
Среднее:  1000     16870      1,11      0,00 1285635308  291124   1,82  yandex_browser
Среднее:  1000     16926      0,11      0,00    6516    5248   0,03  pidstat

-----------------------------------------------------------------------------
  5. СТАТИСТИКА ПРОЦЕССОВ (pidstat) - ДИСКОВЫЙ I/O
-----------------------------------------------------------------------------
Linux 6.8.0-107-generic (igor-ASUS) 	01.04.2026 	_x86_64_	(12 CPU)

20:59:51      UID       PID   kB_rd/s   kB_wr/s kB_ccwr/s iodelay  Command
20:59:54     1000      5089     13,29     90,37      0,00       0  yandex_browser
20:59:54     1000     10884      0,00      1,33      0,00       0  hydralauncher
20:59:54     1000     11223      0,00   2493,02      0,00       0  hydra-python-rp


Среднее:   UID       PID   kB_rd/s   kB_wr/s kB_ccwr/s iodelay  Command
Среднее:  1000      5089     13,29     90,37      0,00       0  yandex_browser
Среднее:  1000     10884      0,00      1,33      0,00       0  hydralauncher
Среднее:  1000     11223      0,00   2493,02      0,00       0  hydra-python-rp

-----------------------------------------------------------------------------
  4. ЗАВЕРШЕНИЕ СБОРА ДАННЫХ
-----------------------------------------------------------------------------
Время окончания: Ср апр  1 20:59:56 MSK 2026
=============================================================================
